194
256 398
245 412
246 397
232 407
238 392
232 382
227 375
227 366
224 357
216 342
218 335
224 330
233 331
237 336
247 345
259 346
264 337
268 318
270 299
271 280
268 260
271 249
278 239
283 229
283 214
283 192
281 183
285 166
285 147
282 121
275 112
275 107
275 104
272 95
273 89
281 87
294 94
291 111
293 118
298 121
295 129
295 138
296 152
297 166
300 177
301 184
299 190
300 198
304 207
304 222
309 232
317 232
325 227
328 212
330 199
332 191
331 186
331 177
335 168
337 149
337 131
336 123
332 117
333 111
331 104
330 97
335 91
341 89
350 94
353 102
350 110
353 118
348 125
347 132
349 150
349 171
352 178
352 189
349 195
352 209
356 225
376 226
388 228
404 234
418 244
420 230
424 217
432 208
446 200
455 184
454 168
446 153
439 140
429 124
431 117
428 109
428 103
435 100
446 103
449 111
446 119
448 122
451 125
450 131
450 139
455 146
466 163
471 178
479 192
481 200
473 205
466 208
465 214
470 224
479 213
489 205
504 201
519 203
531 196
541 180
542 155
539 140
534 126
533 121
535 117
533 110
538 104
546 104
553 109
551 118
549 125
552 131
555 133
552 141
553 158
557 183
558 193
559 202
555 212
549 212
540 216
536 228
534 237
534 250
535 275
537 293
545 281
552 277
563 272
575 265
582 257
586 249
593 236
594 242
597 236
598 233
598 227
598 220
596 211
602 215
608 224
611 238
613 252
610 263
605 268
600 272
607 271
598 276
586 280
574 283
564 286
554 292
543 300
538 306
531 317
521 325
514 328
503 329
488 328
464 324
432 317
402 312
383 313
357 311
337 316
323 328
316 341
309 356
302 363
292 373
284 378
274 386
262 395
256 398
