212
209 382
203 383
193 387
188 386
187 377
185 370
188 362
188 356
192 360
196 359
200 361
204 358
210 356
208 350
201 351
193 350
190 353
190 350
188 349
188 346
192 339
198 338
204 341
210 339
215 335
226 332
224 327
225 320
222 312
225 303
222 291
224 280
229 271
235 264
248 243
251 236
259 229
259 212
267 180
265 159
260 146
247 146
238 146
233 139
231 129
228 127
228 124
232 125
236 126
236 123
238 121
237 118
241 120
244 120
246 122
248 119
248 116
251 118
258 118
265 123
270 128
277 137
282 142
285 147
282 156
288 179
293 183
288 198
299 212
309 194
309 165
306 147
294 135
286 127
284 118
286 115
285 110
289 114
291 112
292 107
295 111
299 110
302 104
305 109
312 111
320 121
319 133
324 144
327 150
325 157
330 177
340 187
340 198
346 218
383 222
404 236
432 246
430 226
437 208
450 199
455 187
451 162
442 144
427 139
424 134
425 127
424 121
430 124
431 124
433 121
434 117
437 121
442 121
443 119
444 115
447 117
455 118
461 130
463 141
467 147
465 156
474 178
482 188
478 197
484 205
502 199
525 198
528 173
524 149
513 140
505 138
505 128
503 123
507 123
511 122
514 124
515 121
515 115
518 120
521 120
523 122
523 119
525 118
525 115
527 118
536 123
539 133
544 143
542 161
548 188
556 203
545 213
528 223
518 235
521 248
532 270
536 286
544 258
558 240
575 224
604 218
624 223
637 237
646 262
654 268
661 283
657 280
660 290
656 300
657 308
651 302
651 305
646 297
645 291
644 295
641 288
642 274
642 265
639 254
631 241
621 233
607 229
592 230
576 238
568 248
559 266
553 291
543 311
531 328
510 337
471 332
410 315
378 315
351 319
351 327
342 331
335 338
328 346
317 359
311 371
296 384
277 391
266 395
255 398
247 400
239 400
229 395
224 391
224 387
218 384
212 382
209 382